2830
2832
2834
2837
2823
2859
2880
2876
2872
2869
2868
2862
2860
2858
2857
2856
2854
2915
2919
2921
2922
2917
2957
2955
2954
2947
2958
2953
2952
2951
2984
2986
3002
3001
3000
2999
2998
2997
2996
2995
2993
2992
2991
2990
2989
2988
2987
2985
3024
3025
3028
3053
3070
3069
3068
3067
3065
3064
3063
3062
3060
3059
3058
3056
3055
3052
3039
3051
3050
3048
3047
3046
3045
3044
3042
3040
3029
3038
3037
3036
3035
3034
3033
3032
3031
3030
3080
3099
3097
3096
3095
3094
3092
3091
3088
3087
3085
3084
3083
3082
3081
3079
3074
3075
3076
3077
3078
3106
3121
3119
3118
3117
3116
3100
3103
3104
3105
3108
3109
3111
3112
3113
3114
3101
3712
3131
3130
3129
3128
3127
3126
3125
3124
3123
3122
3133
3134
3136
3140
3141
3144
3132
3157
3156
3155
3154
3161
3162
3163
3164
3165
3167
3168
3169
3170
3199
3201
3196
3181
3195
3192
3191
3190
3188
3187
3185
3184
3182
3171
3180
3179
3178
3177
3176
3175
3174
3173
3172
3711
3710
3220
3213
3211
3210
3205
3204
3203
3202
3221
3222
3223
3224
3225
3226
3227
3228
